tf_accuracy: 0.9448868778280543
tf_precision: [16.13755796 18.6114082  21.57231405 25.15903614 20.75745527 20.00191571
 25.21980676 25.52811736 25.15903614 23.09955752 22.84682713 22.99779736
 35.27364865 19.05291971 39.2518797  23.25389755 26.84061697 39.10486891
 24.45199063 30.79941003 30.79941003 24.56705882 30.52923977 28.84254144
 43.50416667 35.87972509 30.98219585]
tf_recall: [16.84032258 18.67799642 22.16772824 26.1679198  21.17849899 19.33518519
 25.65356265 23.30580357 25.52811736 23.51576577 23.4103139  23.25389755
 37.96727273 18.31754386 39.10486891 23.09955752 25.15903614 40.94509804
 24.28139535 29.41126761 30.89053254 22.94725275 32.628125   27.47631579
 42.44308943 38.67037037 30.98219585]
tf_f1_score: [16.48145225 18.64464286 21.86596859 25.65356265 20.96586345 19.66290019
 25.43483557 24.3663944  25.34223301 23.30580357 23.12513843 23.12513843
 36.5709282  18.67799642 39.1782364  23.17647059 25.97263682 40.00383142
 24.3663944  30.08933718 30.84490399 23.72954545 31.54380665 28.14285714
 42.96707819 37.2228164  30.98219585]